.Random.seed <-
c(10403L, 10L, 1090124160L, -458828706L, 125895593L, 870799963L, 
1033846378L, 1006600972L, -2108267185L, -438493691L, -761158468L, 
-1278487150L, 359894669L, -1894710073L, 520217006L, 519228424L, 
51970059L, 1675900137L, -2125704264L, 34315366L, -683901695L, 
-18670701L, -612778942L, 1299383284L, 933989879L, -705703443L, 
1182720644L, -985279318L, -837533163L, 2042674863L, 77397174L, 
-1052194080L, 805500451L, -784533183L, -1889442768L, -102465970L, 
2139089593L, -349647157L, -1860520070L, -1018937732L, -731792705L, 
-2098799723L, -1053156436L, 802623874L, -1743661219L, 1746942551L, 
1577824574L, -947400328L, -1783813541L, -1769677383L, 1965031432L, 
-393198922L, -1817945615L, 1014370339L, 234827890L, 1848054468L, 
960889991L, 562935901L, -776511916L, -2102092678L, 1989887941L, 
-1082537697L, -1002043226L, 660548144L, -1998491437L, -414581007L, 
-1268474336L, 2056267966L, 1686482121L, 1633158779L, 1225163850L, 
1581403308L, 348396463L, -702292123L, -1993214692L, -437363342L, 
1198757357L, -2037958105L, -15115698L, 474947240L, 267760811L, 
-381995575L, 1718516184L, -97619834L, -1377501855L, 565547251L, 
-1978081438L, -1332684332L, -1813074729L, 1178595021L, 701875812L, 
-992918454L, 756339125L, -1033085681L, 657938966L, -238209856L, 
-1961815421L, -425967967L, -551145328L, 2131942254L, -620395239L, 
-473647701L, 1785123738L, -1018049700L, 886540895L, 20083253L, 
-896656948L, 580677922L, -603589763L, -1214803849L, 624055710L, 
701508696L, 55876027L, -273752231L, 1552309480L, 699630870L, 
-46426479L, -1942791357L, 1176143442L, -184211228L, -575620313L, 
18124669L, -1634246028L, -1182106534L, -1217428315L, -194912577L, 
1667122502L, -1938863152L, 1409795571L, -371314415L, -1244619456L, 
-133472994L, -1203484183L, -806458597L, -1006308054L, 738504268L, 
-1738376689L, -473457339L, -553140484L, -713779886L, -1398056243L, 
-1385876857L, 2073073006L, -1351561400L, 466893643L, -546692439L, 
-1380972552L, 1067083558L, 364550209L, -1185809965L, 159896450L, 
663689140L, 577572663L, -418904531L, -659065020L, 2032141418L, 
195092181L, 1204295791L, 117954934L, -561929568L, -269004957L, 
-1095613439L, -203100304L, 1901111054L, -257982087L, -1347087093L, 
297668154L, 1287071036L, -485496193L, 2083877333L, -648048660L, 
1323413826L, 372698781L, 1124543255L, -926901634L, -1756476872L, 
1460636955L, -1884456327L, 1625142984L, -537768202L, -129431759L, 
1800331107L, 2062628146L, 441714308L, -1141304633L, 726020509L, 
912454932L, -451994694L, 432795141L, -277311521L, -827382170L, 
357388784L, 1644363539L, 934920369L, 1360135008L, -587591426L, 
-1508073335L, -1210060869L, 1390565770L, 714614892L, -243463697L, 
1695203877L, -648046884L, 721521842L, -1109016659L, -820239513L, 
-1417977714L, -79282840L, 891624811L, -1951371511L, -518078056L, 
-365557562L, 1726044705L, -1065229645L, 743534626L, -178771436L, 
1639476887L, 762970253L, -1488915036L, 1549219722L, 127366133L, 
-480904625L, 1212382550L, 1057060864L, -133486269L, 1069868257L, 
990576208L, -1111399762L, -640735655L, -1268123832L, -1482146292L, 
-1046446372L, 1383235666L, -1081311104L, 1499929428L, 1461232616L, 
-1154194694L, 1391992656L, -1654603732L, -392023692L, -642936174L, 
-655170976L, 340067468L, -389024416L, 685263074L, 360841384L, 
128903884L, 1829004796L, -1337851982L, 1616271344L, 971326916L, 
-357197480L, -2063321734L, -1284577872L, -867669572L, 950827604L, 
371936706L, -751879392L, -918680644L, -112409520L, -1896275998L, 
1924866920L, -756160692L, -368968964L, -890750222L, 3240192L, 
-1957309324L, 1143724552L, -577214022L, 25344464L, 977513452L, 
250054548L, 1219570898L, -807679904L, -422469300L, 1253828384L, 
-420173182L, -613365272L, -1580166164L, 240115260L, 380082802L, 
-1395302544L, 923668772L, -559624648L, 1708580250L, 1335719376L, 
-1858006596L, -301440364L, -1161513342L, 714707392L, 1769701180L, 
295466640L, -395554014L, 364824072L, 1696642828L, -978258020L, 
994975762L, -1172888704L, 219897620L, -708736728L, -1715953606L, 
1952618448L, -55842196L, -532345804L, -295332718L, 151780704L, 
1061351756L, -1580815904L, -652984414L, -1124397144L, -1791953780L, 
2026009532L, 965073010L, 1237971952L, -638631868L, 1164727384L, 
2038927418L, -1795538832L, -1557401028L, -1050510572L, -708935998L, 
-589627680L, -697437060L, 874922192L, -458607710L, 383390248L, 
784147724L, 439786428L, -1109015246L, -1216770880L, -292823500L, 
-838969656L, 414815930L, 666296464L, 628521708L, 1105177172L, 
-886387054L, -1671333088L, 119172044L, -1620181792L, -370480446L, 
-176414680L, 995691436L, 972987068L, -1049082382L, -1955224016L, 
-1627181148L, 952763832L, 22789978L, 1922914448L, -1480373380L, 
32711444L, -1034682046L, -2637056L, -1565044804L, -223448240L, 
-1910688478L, 1850465864L, -4659188L, 560402524L, -931087918L, 
976730624L, 453263700L, 1200710888L, -1369670406L, 872838864L, 
-1864815316L, 1666894068L, -1035463278L, -1683916448L, -167266292L, 
-299860256L, -888022430L, 1594572456L, 1506448972L, -254829700L, 
-2766L, -328737168L, 1923570500L, -1317506088L, -1906081926L, 
1479496240L, 1596787644L, -525213100L, 826059842L, -1119291232L, 
-315129156L, 1047190992L, -1440032926L, 2078364392L, 792159436L, 
1214098940L, -633382414L, -1172834688L, 1217299956L, 1242608264L, 
505546554L, 882138960L, 1113394284L, -1965912684L, 1513696338L, 
1971812832L, -112249652L, -409063264L, -317773438L, -1209075480L, 
-284171540L, 700159292L, 1839975538L, -645880720L, 17198116L, 
435691576L, 1864330010L, -1329128240L, -1585620164L, -578213996L, 
-1721618558L, 443790784L, 694829628L, -2146272880L, 1950054946L, 
-442405624L, -729662836L, 868734748L, -1172295534L, -1735843456L, 
1248330260L, 1418175272L, 1447061050L, 1097783760L, 105026924L, 
1678046132L, -689447918L, 675959264L, -703437876L, -667963168L, 
-1791809502L, 419323176L, -89475572L, -1105796292L, -1761750030L, 
-194150672L, -1750578620L, -150868392L, 756994874L, 2105315824L, 
1223950012L, -1308812012L, -152674622L, -1249304480L, 2065147772L, 
1847974864L, 1787403554L, -1778506072L, -212759668L, 801438908L, 
-2009956847L, 977211286L, -818875660L, -2038664059L, -66197041L, 
-1977156408L, 1517579622L, 1997557651L, 76222709L, 637245650L, 
-1493293280L, 1133577993L, -2095566789L, -1755732596L, -803873766L, 
-174550897L, 377317337L, -1919825810L, 1701465084L, 1876531565L, 
311407383L, -1896942880L, -312135490L, 412237451L, -1901779699L, 
15673658L, 1172175224L, -174539999L, -1007948845L, 756814580L, 
-1240384638L, 65284631L, 1083336929L, 1150625318L, -293126364L, 
1848700885L, 993441663L, 1653604888L, 1833828662L, 694185923L, 
2016251397L, -307126878L, 820191632L, -577586887L, -612418069L, 
1640152796L, 970590986L, 896411135L, -1198883767L, 2017836510L, 
276303244L, -1819584163L, -70135449L, -1711975792L, -75158354L, 
-337347237L, 334725437L, 1417579434L, -30761912L, 304039025L, 
137187811L, -1999541020L, 1847007250L, 346225639L, 860611505L, 
-1227186698L, -175235052L, -2004160731L, -1841391569L, -1749958168L, 
-962873658L, 1422022515L, 1088352213L, 548014002L, -8453760L, 
915290473L, 1635143131L, -653179604L, -1104761030L, 763625967L, 
-1409215367L, 1807394574L, 1417355996L, -1436196531L, 1207516343L, 
1711564352L, 1286088478L, -1610613269L, -246218387L, 1004003290L, 
-613078632L, 1792866305L, -2127316557L, 1554321620L, 501446114L, 
376676471L, 1318127041L, -1410044090L, 1863473796L, 161211445L, 
-2008366049L, 136364920L, -24401322L, -295930141L, 1494233253L, 
-937254590L, 1261954864L, 1199207257L, -1054836533L, -532887236L, 
-345143958L, 351604639L, -1628063191L, -1772952386L, 1268792748L, 
321348349L, -1797321145L, 681995568L, 271474254L, -1423167877L, 
1629224413L, 1615838218L, 1858690344L, 1394643857L, -2064013949L, 
1583366788L, -1676074830L, 484909063L, 1744632913L, 1355467734L, 
230920884L, 214078149L, 1615320079L, -1918823288L, 7632294L, 
852041043L, 545011381L, 1381903378L, 1822535136L, 1858424905L, 
-988047749L, 671080268L, -1789969702L, 282328783L, 87953049L, 
-1594281298L, -748924996L, 890787885L, -723925033L, -629084640L, 
